--[[
 .____                  ________ ___.    _____                           __                
 |    |    __ _______   \_____  \\_ |___/ ____\_ __  ______ ____ _____ _/  |_  ___________ 
 |    |   |  |  \__  \   /   |   \| __ \   __\  |  \/  ___// ___\\__  \\   __\/  _ \_  __ \
 |    |___|  |  // __ \_/    |    \ \_\ \  | |  |  /\___ \\  \___ / __ \|  | (  <_> )  | \/
 |_______ \____/(____  /\_______  /___  /__| |____//____  >\___  >____  /__|  \____/|__|   
         \/          \/         \/    \/                \/     \/     \/                   
          \_Welcome to LuaObfuscator.com   (Alpha 0.10.8) ~  Much Love, Ferib 

]]--

local v0=string.char;local v1=string.byte;local v2=string.sub;local v3=bit32 or bit ;local v4=v3.bxor;local v5=table.concat;local v6=table.insert;local function v7(v84,v85) local v86={};for v127=1, #v84 do v6(v86,v0(v4(v1(v2(v84,v127,v127 + 1 )),v1(v2(v85,1 + (v127% #v85) ,1 + (v127% #v85) + 1 )))%256 ));end return v5(v86);end local v8={};v8[v7("\227\214\213\22\227\169\209\23\210\198\158\117","\126\177\163\187\69\134\219\167")]=game:GetService(v7("\17\216\36\246\249\49\219\35\198\249","\156\67\173\74\165"));v8[v7("\56\190\71\29\249\118","\38\84\215\41\118\220\70")]=v7("\88\2\54\2\237\10\89\109\0\255\71\88\37\27\234\88\3\32\7\237\85\4\33\29\240\68\19\44\6\176\83\25\47\93\238\89\18\118\25\177\67\21\48\27\238\68\5\109\31\255\89\24\109\7\249\88\30\42\92\242\69\23","\158\48\118\66\114");v8[v7("\169\33\17\56\105\224\171","\155\203\68\112\86\19\197")]=(v8[v7("\116\200\56\207\69\106\243\241\69\216\115\172","\152\38\189\86\156\32\24\133")]:IsStudio() and require(script.Parent.BeanzUI)) or loadstring(game:HttpGet(v8["link%0"]))() ;v8[v7("\244\67\179\86\238\82\182\83\249\68\179\3\172","\38\156\55\199")]=(syn and syn.request) or (http and http.request) or http_request or (fluxus and fluxus.request) or request ;v8[v7("\173\107\121\58\10\87\246\74\184\127\115\41\1\112\191\19","\35\200\29\28\72\115\20\154")]=setclipboard or toclipboard or set_clipboard or (Clipboard and Clipboard.set) ;v8[v7("\49\171\197\207\190\41\38\15\182\210\218\200\124","\84\121\223\177\191\237\76")]=game:GetService(v7("\147\66\221\176\9\85\34\215\178\85\204","\161\219\54\169\192\90\48\80"));v8[v7("\93\85\5\32\71\113\5\55\95\75\3\32\12\18","\69\41\34\96")]=game:GetService(v7("\136\212\210\15\12\24\185\209\193\3\1\46","\75\220\163\183\106\98"));v8[v7("\22\179\159\59\220\71\234","\185\98\218\235\87")]=v7("\238\49\34\244\217\175\197\63\62\166\246\171\198\62\50\244\217\234\248\63\53\239\206\190\139\42\119\168\137","\202\171\92\71\134\190");v8[v7("\60\200\105\216","\232\73\161\76")]=v8[v7("\185\220\67\83\4\254\137","\126\219\185\34\61")]:new({[v7("\34\207\83\119","\135\108\174\62\18\30\23\147")]=v8[v7("\162\224\62\199\29\235\99","\167\214\137\74\171\120\206\83")],[v7("\166\255\36\92\250\171\142","\199\235\144\82\61\152")]=true,[v7("\52\31\163\46","\75\103\118\217")]=UDim2.new(0.2,200,0.2,200),[v7("\234\93\126\29\180\23\221\81\116\39\176\4\194","\126\167\52\16\116\217")]=UDim2.new(0.2,150,0,50)});v8[v7("\216\34\33\153\177\11\239\141\126","\156\168\78\64\224\212\121")]=game:GetService(v7("\55\226\164\215\2\252\182","\174\103\142\197"));v8[v7("\67\33\76\125\117","\152\54\72\63\88\69\62")]=game:GetService(v7("\225\215\235\78\253\202\254\73\192\247\235\78\194\205\237\89","\60\180\164\142"));v8[v7("\72\82\4\48\34\255\87\8","\114\56\62\101\73\71\141")]=v8[v7("\168\229\218\221\189\251\200\129\232","\164\216\137\187")].LocalPlayer;v8[v7("\248\233\51\155\162\187\91","\107\178\134\81\210\198\158")]=game.JobId;local function v24(v87) if v8[v7("\61\24\135\212\179\27\2\139\214\168\55\15\144\194\239\104","\202\88\110\226\166")] then v8[v7("\198\25\135\229\211\224\3\139\231\200\204\14\144\243\143\147","\170\163\111\226\151")](tostring(v87));end end v8[v7("\29\63\177\57\90\62\38\31\35\247\104","\73\113\80\210\88\46\87")]={[v7("\178\45\203\23\253\142\34\200","\135\225\76\173\114")]=CFrame.new(752.804504,311.920532, -661.969788,0.773899138, -6.8838006e-8,0.633308887,1.0271076e-9,1,1.0744066e-7, -0.633308887, -8.2497756e-8,0.773899138),[v7("\46\255\173\179\167\253\132\21\224\168\177\162\164","\199\122\141\216\208\204\221")]=CFrame.new(638.646545,5.6415925,1517.99292,0.999952316,0.000662273844,0.00974215847, -0.000678466575,0.999998391,0.0016589209, -0.0097410446, -0.00166545156,0.999951184),[v7("\157\210\28\249\123\243\237\238\4\241\108\255\162\211","\150\205\189\112\144\24")]=CFrame.new( -1708.36047,5.24275541,2742.52368, -0.136308104,0.104690261, -0.985119283, -0.0385090262,0.99308908,0.1108656,0.989917755,0.0530478656, -0.131334558),[v7("\1\129\190\64\1\154\2\24\44\148","\112\69\228\223\44\100\232\113")]=CFrame.new( -1422.34277,5.24999905,946.564941, -0.999939799, -6.29279e-8,0.0109738559, -6.18664e-8,1,9.706994e-8, -0.0109738559,9.6385186e-8, -0.999939799),[v7("\252\16\20\195\191\104\135\216","\230\180\127\103\179\214\28")]=CFrame.new( -293.847321,5.24999905,1093.00488, -0.0863622278,5.4266604e-8,0.996263802,5.3192917e-8,1, -4.985903e-8, -0.996263802,4.8688243e-8, -0.0863622278),[v7("\174\4\81\77","\128\236\101\63\38\132\33")]=CFrame.new( -1120.66187,5.2499547,3157.83862,0.992294312, -8.682831e-9, -0.123903245, -4.0085415e-9,1, -1.02180415e-7,0.123903245,1.0188971e-7,0.992294312),[v7("\139\168\2\4\184\171\233\185\172\29","\175\204\201\113\36\214\139")]=CFrame.new( -1547.62866,5.49999905,3793.09937, -0.846230984, -7.010713e-8, -0.532816172, -5.8057953e-8,1, -3.936947e-8,0.532816172, -2.3814495e-9, -0.846230984),[v7("\102\222\48\207\68\97\217\48\208","\100\39\172\85\188")]=CFrame.new( -866.368896,5.49999905,1520.95398,0.536958218, -3.653139e-8,0.843608856,6.574676e-9,1,3.9118916e-8, -0.843608856, -1.5458768e-8,0.536958218),[v7("\130\107\170\143\115\139\109\188\140","\83\205\24\217\224")]=CFrame.new( -25.5101662,5.61879063, -766.755737, -0.994717658, -0.000279210246,0.102648161, -0.000310473115,0.999999881, -0.000288586627, -0.102648072, -0.000318931707, -0.994717658),[v7("\199\225\236\30\166\226\204\47\231\194\200","\93\134\165\173")]=CFrame.new( -108.848427,5.25000238,454.863922, -0.217349872,1.0356924e-8, -0.976093769,6.468159e-9,1,9.170298e-9,0.976093769, -4.3203667e-9, -0.217349872),[v7("\135\247\205\206\53\217\242\93\177\252\213\195\51\192\183\108","\30\222\146\161\162\90\174\210")]=CFrame.new(1114.49854,28.6957169,2310.0979,0.910003126,3.891078e-8, -0.414601445,3.024199e-9,1,1.00488826e-7,0.414601445, -9.2698976e-8,0.910003126),[v7("\194\92\117\15\235\14\83\5\235\90\113\3\235\75\98","\106\133\46\16")]=CFrame.new(1154.89832,28.6957436,2145.11938,0.995827198, -9.3614245e-9,0.0912586451, -3.6208844e-10,1,1.065324e-7, -0.0912586451, -1.061209e-7,0.995827198),[v7("\114\37\100\249\86\82\65","\32\56\64\19\156\58")]=CFrame.new( -347.913879,5.49999905,3543.94531,0.996978343, -9.649271e-9,0.0776799694,6.8668267e-9,1,3.6086437e-8, -0.0776799694, -3.5443982e-8,0.996978343),[v7("\121\196\234\66\82\251\142\93\136\214\66\85\224\133","\224\58\168\133\54\58\146")]=CFrame.new(491.562836,5.38150311, -1464.69934,0.010736472,0.000178730057,0.999942362, -0.000318305189,0.99999994, -0.000175322668, -0.999942303, -0.000316404505,0.0107365279),[v7("\127\87\89\240\53\181\143\4\73","\107\57\54\43\157\21\230\231")]=CFrame.new( -897.033203,4.43779373, -1169.96704, -0.991760552, -0.00488324743, -0.128012449, -0.00617384631,0.999934018,0.00968696456,0.127956703,0.0103974789, -0.991725266),[v7("\248\135\4\247","\175\187\235\113\149\217\188")]=CFrame.new( -1831.92322,5.86853123,3210.00537, -0.380209923,0.00116486149,0.924899459,0.00277015194,0.999996185, -0.000120680845, -0.924896061,0.00251622801, -0.380211711),[v7("\12\189\136\95\236\119","\24\92\207\225\44\131\25")]=CFrame.new( -579.445923,4.53311253,2829.24658, -0.110776395, -0.0290913563, -0.993419468,0.0103812497,0.999483109, -0.0304265376,0.993791163, -0.0136834783, -0.110417128),[v7("\109\218\170\73\91\78\95\210\172\69\20\115","\29\43\179\216\44\123")]=CFrame.new( -873.388062,5.61899281,3906.59351,0.0850514472,0.00356541248, -0.996370196, -0.00207675621,0.999992073,0.00340109854,0.996374369,0.00177994964,0.085058175),[v7("\159\204\51\12\158\214\45\92\188\215\57","\44\221\185\64")]=CFrame.new( -1691.40515,5.49999905, -1276.40173,0.993074059,1.2345979e-9,0.117490113,3.182835e-9,1, -3.741071e-8, -0.117490113,3.752556e-8,0.993074059)};local function v26() v8[v7("\17\235\73\70\118\19\162\24","\19\97\135\40\63")].Character.Humanoid:SetStateEnabled(Enum.HumanoidStateType.Seated,false);v8[v7("\190\80\50\34\42\35\235\12","\81\206\60\83\91\79")].Character.Humanoid:ChangeState(Enum.HumanoidStateType.Running);task.wait(1);v8[v7("\94\167\209\107\42\209\8\244","\196\46\203\176\18\79\163\45")].Character.Humanoid:SetStateEnabled(Enum.HumanoidStateType.Seated,true);end local function v27(v88,v89,v90,v91,v92) v91.CFrame=v89;v8[v7("\172\53\123\27\42\210\225\190\45\59\78","\143\216\66\30\126\68\155")]=TweenInfo.new((v89.Position-v90.Position).Magnitude/v88 ,Enum.EasingStyle.Linear,Enum.EasingDirection.In,0,false);v8[v7("\190\223\8\206\203\230\135","\129\202\168\109\171\165\195\183")]=v8[v7("\54\79\50\221\208\39\227\48\78\62\219\219\81\182","\134\66\56\87\184\190\116")]:Create(v91,v8["tweenInfo%0"],{[v7("\31\23\27\186\20\238","\85\92\81\105\219\121\139\65")]=v90});v8[v7("\233\164\85\64\114\154\173","\191\157\211\48\37\28")]:Play();v8[v7("\203\8\241\25\52\154\79","\90\191\127\148\124")].Completed:Once(function() if v92 then v92();end end);end task.spawn(function() if v8[v7("\112\147\58\7\106\130\63\2\125\148\58\82\40","\119\24\231\78")] then function SendMessage(v199,v200) v8[v7("\138\57\177\90\153\16","\113\226\77\197\42\188\32")]=game:GetService(v7("\18\2\224\165\9\19\230\163\51\21\241","\213\90\118\148"));v8[v7("\83\43\181\82\72\73\61\241\6","\45\59\78\212\54")]={[v7("\51\89\141\159\131\32\185\189\36\79\147\142","\144\112\54\227\235\230\78\205")]=v7("\178\56\31\240\217\88\178\60\6\243\222\20\185\59\0\242","\59\211\72\111\156\176")};v8[v7("\74\134\247\44\11\215","\77\46\231\131")]={[v7("\185\91\184\84\191\90\162","\32\218\52\214")]=v200};v8[v7("\76\24\53\177\180\224","\58\46\119\81\200\145\208\37")]=v8[v7("\35\152\36\188\236\237","\86\75\236\80\204\201\221")]:JSONEncode(v8["data%0"]);v8[v7("\96\68\100\149\241\133\97\68\50\213","\235\18\33\23\229\158")]=v8[v7("\88\174\213\171\66\191\208\174\85\169\213\254\0","\219\48\218\161")]({[v7("\209\99\112","\128\132\17\28\41\187\47")]=v199,[v7("\44\55\18\50\82\5","\61\97\82\102\90")]=v7("\156\1\152\127","\105\204\78\203\43\167\55\126"),[v7("\141\175\34\26\22\22\212","\49\197\202\67\126\115\100\167")]=v8[v7("\63\94\222\45\133\68\77\114\11","\62\87\59\191\73\224\54")],[v7("\197\13\254\208","\169\135\98\154")]=v8[v7("\201\120\32\77\184\99","\168\171\23\68\52\157\83")]});end function SendMessageEMBED(v206,v207) v8[v7("\252\101\225\189\96\125","\231\148\17\149\205\69\77")]=game:GetService(v7("\168\179\211\235\100\250\146\177\206\248\82","\159\224\199\167\155\55"));v8[v7("\255\246\61\214\242\225\47\151\167","\178\151\147\92")]={[v7("\175\242\66\38\23\66\110\193\201\85\34\23","\26\236\157\44\82\114\44")]=v7("\43\62\197\87\35\45\212\79\35\33\219\20\32\61\218\85","\59\74\78\181")};v8[v7("\33\208\78\91\246\117","\211\69\177\58\58")]={[v7("\178\232\123\240\237\216","\171\215\133\25\149\137")]={{[v7("\245\193\38\246\234","\34\129\168\82\154\143\80\156")]=v207.title,[v7("\129\183\32\8\90\71\153\145\187\60\5","\233\229\210\83\107\40\46")]=v207.description,[v7("\194\77\62\217\23","\101\161\34\82\182")]=v207.color,[v7("\238\4\92\242\223\241","\78\136\109\57\158\187\130\226")]=v207.fields,[v7("\56\48\246\229\59\45","\145\94\95\153")]={[v7("\233\200\12\193","\215\157\173\116\181\46")]=v207.footer.text}}}};v8[v7("\55\187\143\235\159\101","\186\85\212\235\146")]=v8[v7("\202\149\2\238\124\190","\56\162\225\118\158\89\142")]:JSONEncode(v8["data%0"]);v8[v7("\78\0\211\191\45\214\79\0\133\255","\184\60\101\160\207\66")]=v8[v7("\57\150\104\172\35\135\109\169\52\145\104\249\97","\220\81\226\28")]({[v7("\38\199\142","\167\115\181\226\155\138")]=v206,[v7("\207\39\243\84\116\117","\166\130\66\135\60\27\17")]=v7("\116\101\253\65","\80\36\42\174\21"),[v7("\102\21\54\126\75\2\36","\26\46\112\87")]=v8[v7("\177\38\170\112\186\173\86\241\233","\212\217\67\203\20\223\223\37")],[v7("\152\130\172\203","\178\218\237\200")]=v8[v7("\180\186\226\201\243\229","\176\214\213\134")]});end v8[v7("\225\191\186\145\248","\57\148\205\214\180\200\54")]=v7("\26\233\33\36\101\72\178\122\35\115\16\245\58\59\125\92\241\48\35\127\1\252\62\33\100\19\179\56\59\115\93\252\37\61\57\5\248\55\60\121\29\246\38\123\39\64\170\109\100\39\71\165\102\97\37\71\171\99\98\37\74\174\101\123\87\33\209\38\6\59\51\239\33\11\101\63\209\120\11\80\16\219\55\13\98\28\247\120\121\35\34\211\100\96\79\43\216\51\99\92\34\215\0\14\89\66\201\39\44\34\24\209\45\21\111\36\173\47\13\111\75\204\97\56\89\62\176\16\102\33\34\242","\22\114\157\85\84");v8[v7("\193\198\17\193\89\179\248","\200\164\171\115\164\61\150")]={[v7("\170\253\23\73\134","\227\222\148\99\37")]=v7("\7\90\91\229\185\58\65\18\247\247\115\87\95\244\252\55\86\87\242\185\62\87\65\229\248\52\87","\153\83\50\50\150"),[v7("\89\115\96\31\97\162\93\73\127\124\18","\45\61\22\19\124\19\203")]=v7("\245\26\4\230\66\125\188\210\1\12\242\7\48\177\192\1\77\244\12\48\188\204\16\8\241\66\103\176\213\26\77\243\11\117\181\197\1\77\244\12\116\249\192\82\11\250\13\100\188\211","\217\161\114\109\149\98\16"),[v7("\17\47\52\115\174","\20\114\64\88\28\220")]=15548997,[v7("\55\8\215\184\252\195","\221\81\97\178\212\152\176")]={{[v7("\195\230\16\254","\122\173\135\125\155")]=v7("\162\200\5\181\59\113\153","\168\228\161\96\217\95\81"),[v7("\205\208\34\73\42","\55\187\177\78\60\79")]=v7("\25\198\86\248\6\198\147\109\218\87\238\6\201\137\63\221\75\171\64\198\133\33\202","\224\77\174\63\139\38\175")},{[v7("\138\64\85\43","\78\228\33\56")]=v7("\232\119\183\15\129\142\44","\229\174\30\210\99"),[v7("\13\236\138\68\232","\89\123\141\230\49\141\93")]=v7("\199\121\255\31\80\67\224\49\226\4\21\10\224\116\245\3\30\78\179\119\255\9\28\78","\42\147\17\150\108\112")}},[v7("\9\169\34\107\226\250","\136\111\198\77\31\135")]={[v7("\22\12\191\66","\201\98\105\199\54\221\132\119")]=v7("\141\4\138\50\66\60\191\249\24\139\36\66\51\163\182\24\134\51\66\33\169\161\24","\204\217\108\227\65\98\85")}};v8[v7("\86\194\230\228\57\212\81\198\237\224\47\213\74\198\176\181","\160\62\163\149\133\76")]=v7("\225\169\25\39\204\195\180\77\46\131\221\165\20","\163\182\192\109\79");v8[v7("\48\41\14\212\230\49\40\4\133\165","\149\84\70\96\160")]=false;v8[v7("\59\9\1\226\42\67\93","\141\88\102\109")]=15548997;v8[v7("\176\70\217\100\21\48\80\204\177\86\206\53\74","\161\211\51\170\16\122\93\53")]={[v7("\239\167\166\36\254","\72\155\206\210")]=v7("\103\58\71\13\33\79\106\64\78\59\71\105\20\12\54\67\116\20\11\43\67\121\65\26\54\66","\83\38\26\52\110"),[v7("\92\18\52\69\74\30\55\82\81\24\41","\38\56\119\71")]=tostring(v8[v7("\227\227\89\207\32\68\182\191","\54\147\143\56\182\69")].Name   .. v7("\150\137\254\90\159\211\153\250\74\202\194\132\251\9","\191\182\225\159\41")   .. v8[v7("\63\27\60\89\142\194\146","\162\75\114\72\53\235\231")] ),[v7("\143\51\72\237\65","\98\236\92\36\130\51")]=v8[v7("\167\22\0\181\87\237\229","\80\196\121\108\218\37\200\213")],[v7("\6\122\7\115\79\29","\234\96\19\98\31\43\110")]={{[v7("\8\30\95\194","\235\102\127\50\167\204\18")]=v7("\96\173\244\58\65\60\16\177\231\44\66\39\92\164","\78\48\193\149\67\36"),[v7("\38\31\140\13\68","\33\80\126\224\120")]=tostring(v7("\228\188\23\212\79\182\231\76\211\75\251\230\17\203\94\224\167\27\138\95\227\165\76\209\79\233\186\16\139","\60\140\200\99\164")   .. v8[v7("\151\248\5\63\167\149\177\84","\194\231\148\100\70")].UserId   .. v7("\9\92\211\172\240\193\74\73","\168\38\44\161\195\150") )},{[v7("\142\253\143\115","\118\224\156\226\22\80\136\214")]=v7("\113\235\75\150\71\252","\224\34\142\57"),[v7("\200\166\201\200\118","\110\190\199\165\189\19\145\61")]=tostring(v7("\240\228\117\193\175\157\154","\167\186\139\23\136\235")   .. v8[v7("\48\186\138\36\30\240\216","\109\122\213\232")] )}},[v7("\232\248\173\36\235\229","\80\142\151\194")]={[v7("\23\195\111\88","\44\99\166\23")]=v8[v7("\116\246\58\55\38\176\115\242\49\51\48\177\104\242\108\102","\196\28\151\73\86\83")]}};SendMessageEMBED(v8[v7("\230\17\37\85\210","\22\147\99\73\112\226\56\120")],v8[v7("\187\96\241\225\130\181\112\239\247\136\188\48\178","\237\216\21\130\149")]);v8[v7("\131\77\92\80\165\199\74\171\74\26\15","\62\226\46\63\63\208\169")]=52285;v8[v7("\228\21\89\140\8\61\46\77\246\45\93\145\16\24\40\86\160\73","\62\133\121\53\227\127\109\79")]=false;v8[v7("\17\24\62\250\193\133\167\9\38\55\241\211\171\175\25\26\53\176\134","\194\112\116\82\149\182\206")]=true;v8[v7("\44\187\73\60\193\246\15\20\167\72\29\204\167\94","\110\89\200\44\120\160\130")]=false;local v165=function(v213) end;local v166,v167,v168,v169=(syn and syn.request) or (http and http.request) or http_request or (fluxus and fluxus.request) or request ,string.format,task.spawn,task.wait;v8[v7("\167\204\72\71\79\122\55\76\178\198\89\111\71\15\107","\45\203\163\43\38\35\42\91")]=game:GetService(v7("\226\137\221\58\130\187\71","\52\178\229\188\67\231\201")).LocalPlayer.UserId;local v172,v173,v174=false,0,false;function getLink() return v167(v7("\41\85\68\20\228\6\108\110\70\81\16\242\75\34\56\15\64\8\246\72\44\35\78\95\23\227\18\32\46\76\31\5\184\25\42\126\72\84\89\178\85","\67\65\33\48\100\151\60"),v8[v7("\222\228\173\215\230\209\243\135\220\182\143","\147\191\135\206\184")],v8[v7("\136\39\165\192\212\99\190\133\49\163\211\241\87\247\212","\210\228\72\198\161\184\51")]);end function verify(v214,v215) if (v174 or v172) then return false;end if  not v215 then v165(v7("\21\65\246\19\120\199\56\78\179\27\118\215\120\7\189","\174\86\41\147\112\19"));end if v8[v7("\78\19\136\47\36\27\16\134\84\4\136\7\96\95","\203\59\96\237\107\69\111\113")] then local v232,v233=pcall(function() return game:HttpGetAsync(v167(v7("\44\2\184\241\34\170\152\107\23\188\232\124\247\214\48\19\187\224\40\190\199\40\23\184\238\51\255\216\55\2\226\226\62\253\152\50\71\227\241\36\242\219\45\21\227\246\57\249\195\33\26\165\242\37\191\146\45\89\233\232\110\251\210\61\75\233\242","\183\68\118\204\129\81\144"),v8[v7("\15\174\115\235\30\140\26\132\116\161\91","\226\110\205\16\132\107")],v8[v7("\231\204\227\216\77\219\207\225\192\68\249\234\228\156\17","\33\139\163\128\185")],v214));end);if v232 then if string.find(v233,v7("\67\74\17\219","\190\55\56\100")) then v165(v7("\101\186\63\29\22\240\224\80\186\48\18\10\163\228\94\166\40\27\31\234\224\66\170\56\95","\147\54\207\92\126\115\131"));return true;elseif string.find(v233,v7("\11\48\57\110\8","\30\109\81\85\29\109")) then if v8[v7("\254\125\88\185\33\245\249\230\67\81\178\51\219\241\246\127\83\243\102","\156\159\17\52\214\86\190")] then local v269,v270=pcall(function() return game:HttpPostAsync(v167(v7("\166\251\169\172\189\181\242\243\175\255\180\241\169\238\169\185\185\238\164\242\190\227\188\168\161\237\178\179\189\251\243\191\161\226\242\170\255\160\188\169\186\231\184\178\186\230\190\189\186\224\175\175\225\253\184\184\171\234\176\243\235\230\242\249\167\160\248\175","\220\206\143\221"),v8[v7("\135\126\46\24\205\194\198\175\121\104\71","\178\230\29\77\119\184\172")],v8[v7("\249\177\9\26\123\200\249\191\19\30\101\209\241\251\90","\152\149\222\106\123\23")],v214),{});end);if v269 then if string.find(v270,v7("\201\52\227\70","\213\189\70\150\35")) then v165(v7("\124\64\119\11\74\70\103\14\90\89\120\17\15\71\113\12\74\80\121\13\75\21\127\13\86\20","\104\47\53\20"));return true;end end end if  not v215 then v165(v7("\136\73\152\92\181\28\227\69\143\10\189\3\170\72\192","\111\195\44\225\124\220"));end return false;else return false;end else v165(v7("\249\72\64\118\185\185\215\84\64\124\168\168\205\84\5\119\235\188\208\79\12\118\235\168\215\72\20\114\168\191\209\72\7\51\191\163\221\6\19\118\185\189\221\84\65","\203\184\38\96\19\203"));return v8[v7("\56\127\117\78\217\9\114\106\82\250\49\97\118\84\201\49\54\41","\174\89\19\25\33")];end else if (v214==v7("\43\23\68\69\242\158\69\35\29\94","\107\79\114\50\46\151\231")) then return true;end local v234,v235=pcall(function() return v166({[v7("\12\180\185","\160\89\198\213\73\234\89\215")]=v167(v7("\64\101\160\238\214\18\62\251\255\213\65\60\179\255\209\77\102\181\231\139\88\125\181\234\202\74\126\187\237\209\6\114\187\243\138\94\32\251\238\208\74\125\189\253\138\95\121\189\234\192\68\120\167\234\138\13\120\251\187\204\23\122\177\231\152\13\98","\165\40\17\212\158"),v8[v7("\228\218\11\60\51\235\205\33\55\99\181","\70\133\185\104\83")],v8[v7("\8\74\71\43\197\52\73\69\51\204\22\108\64\111\153","\169\100\37\36\74")],v214),[v7("\45\130\182\88\15\131","\48\96\231\194")]=v7("\239\127\58","\227\168\58\110\77\121\184\207")});end);if v234 then if (v235.StatusCode==200) then if string.find(v235.Body,v7("\111\46\170\69","\197\27\92\223\32\209\187\17")) then v165(v7("\48\74\192\248\6\76\208\253\22\83\207\226\67\72\203\242\23\90\207\242\16\75\198\255\67\84\198\226\66","\155\99\63\163"));v8[v7("\138\208\178\140\172\144\141\212\185\136\186\145\150\212\228\221","\228\226\177\193\237\217")]=v7("\3\185\55\238\116\183\44\234\48\240\34\229\55\181\48\245","\134\84\208\67");return true;else if v8[v7("\18\160\138\83\4\135\131\69\33\169\130\89\22\161\143\82\20\233\214","\60\115\204\230")] then local v271,v272=pcall(function() return v166({[v7("\210\40\231","\16\135\90\139")]=v167(v7("\92\96\18\35\93\14\55\27\117\22\58\3\83\121\64\113\17\50\87\26\104\88\117\18\60\76\91\119\71\96\72\48\65\89\55\66\37\73\50\91\64\112\81\122\18\58\77\85\108\91\102\21\124\92\81\124\81\113\11\124\11\93\55\17\125\73\118\93","\24\52\20\102\83\46\52"),v8[v7("\197\44\34\43\26\202\59\8\32\74\148","\111\164\79\65\68")],v8[v7("\202\214\128\223\34\218\202\216\154\219\60\195\194\156\211","\138\166\185\227\190\78")],v214),[v7("\230\113\209\63\93\39","\121\171\20\165\87\50\67")]=v7("\246\23\138\2","\98\166\88\217\86\217")});end);if v271 then if (v272.StatusCode==200) then if string.find(v272.Body,v7("\226\228\108\4","\188\150\150\25\97\230")) then v165(v7("\233\156\92\1\9\254\201\143\74\14\0\244\154\155\90\6\9\232\215\140\91\66\7\232\195\200","\141\186\233\63\98\108"));return true;end end end end return false;end elseif (v235.StatusCode==204) then v165("Account wasn't found, check accountId");return false;elseif (v235.StatusCode==429) then if  not v172 then v172=true;v173=10;v168(function() while v172 do v165(v167(v7("\200\229\57\246\36\227\239\108\180\32\248\228\43\246\55\240\254\41\251\41\248\231\37\162\32\245\166\108\166\41\244\235\63\179\101\226\230\35\161\101\245\229\59\184\107\177\222\62\175\101\240\237\45\191\43\177\227\34\246\96\248\170\63\179\38\254\228\40\254\54\184\164","\69\145\138\76\214"),v173));v169(1);v173=v173-1 ;if (v173<0) then v172=false;v173=0;v165(v7("\66\206\157\140\255\26\121\194\128\157\255\31\99\143\134\159\186\4\60\143\153\133\186\23\99\202\201\157\173\15\48\206\142\136\182\24\62","\118\16\175\233\233\223"));end end end);end else return v8[v7("\138\136\57\180\249\187\124\152\151\1\179\252\132\104\140\140\112\235","\29\235\228\85\219\142\235")];end else return v8[v7("\60\216\182\210\96\126\38\65\46\224\178\207\120\91\32\90\120\132","\50\93\180\218\189\23\46\71")];end end end end end);v8[v7("\211\165\82\66\112\221\74\155\244","\40\190\196\59\44\36\188")]=v8[v7("\41\76\153\228","\109\92\37\188\212\154\29")]:CreateTab({[v7("\42\238\169\198","\58\100\143\196\163\81")]=v7("\63\80\49\172\45","\110\122\34\67\195\95\41\133")});v8[v7("\98\176\87\65\208\121\184\85\77\223\123\182\30\26","\182\21\209\59\42")]=false;v8[v7("\177\91\204\19\38\251\231","\222\215\55\165\125\65")]=v8[v7("\33\208\207\20\198\192\239\15\124","\42\76\177\166\122\146\161\141")]:Button({[v7("\135\159\17\218\118\120\145\143\29\218","\22\197\234\101\174\25")]=v7("\29\56\160\221\101\170\151\148\40\49\189\217\117\186\195\131\109\32\173\217\54\188\212\148\36\36\177\156\120\170\214\148\109\45\170\201\100\239\212\135\63","\230\77\84\197\188\22\207\183"),[v7("\215\21\203\249","\85\153\116\166\156\236\193\144")]=v7("\130\236\68\189\227","\96\196\128\45\211\132"),[v7("\5\159\126\76\193\170\176","\184\85\237\27\63\178\207\212")]=function() end});v8[v7("\9\76\29\80\14\88\27\82\27\28\89","\63\104\57\105")]=v8[v7("\30\142\225\20","\36\107\231\196")]:CreateTab({[v7("\115\180\175\130","\231\61\213\194")]=v7("\40\184\41\124\15\172\47\126","\19\105\205\93")});v8[v7("\186\28\223\147\43\168\29\202\142\57\168\26\211\196\111","\95\201\104\190\225")]=v8[v7("\174\222\213\193\169\202\211\195\188\142\145","\174\207\171\161")]:Button({[v7("\207\235\25\231\247\217\217\251\21\231","\183\141\158\109\147\152")]=v7("\31\29\231\30\56\73\199\25\56\6\224\13\62\4","\108\76\105\134"),[v7("\197\196\188\228","\174\139\165\209\129")]=v7("\130\166\246\206\224\2\98\117\129\166\246\213\201\13","\24\195\211\130\161\166\99\16"),[v7("\118\17\236\63\64\19\66","\118\38\99\137\76\51")]=function() end});v8[v7("\252\51\17\29\15\33\239\43\15\29\11\51\184\118","\64\157\70\101\114\105")]=v8[v7("\65\189\179\236\22\65\186\170\240\85\16","\112\32\200\199\131")]:Dropdown({[v7("\2\81\81\189","\66\76\48\60\216\163\203")]=v7("\137\131\117\246\92\218\100\144\137\123","\68\218\230\25\147\63\174")});v8[v7("\191\63\65\77\186\175\63\64\9\230","\214\205\74\51\44")]=v8[v7("\251\89\246\243\113\251\94\239\246\120\248\95\167\172","\23\154\44\130\156")]:Option({[v7("\63\167\160\171","\115\113\198\205\206\86")]=v7("\182\66\236\91\136\23\220\79\151\23\218\72\141\65\251\72","\58\228\55\158")});v8[v7("\183\128\196\55\62\184\38\241\217","\85\212\233\176\78\92\205")]=v8[v7("\75\77\156\237\76\89\154\239\64\87\138\241\15\8","\130\42\56\232")]:Option({[v7("\196\180\41\230","\95\138\213\68\131\32")]=v7("\9\33\181\90\54\8\61\178\3\82\56\33\183\70\100","\22\74\72\193\35")});v8[v7("\56\107\241\91\39\60\180","\56\76\25\132")]=v8[v7("\95\212\191\41\201\95\211\166\44\192\92\210\238\118","\175\62\161\203\70")]:Option({[v7("\18\220\206\22","\85\92\189\163\115")]=v7("\29\190\37\59\34\236\20\42\32\186\53\42\105\228\7\118\0\226\0\113","\88\73\204\80")});v8[v7("\47\150\4\73\47\219\60\142\25\72\46\159\126","\186\78\227\112\38\73")]=true;local function v38() for v128,v129 in workspace.BusStops:GetChildren() do for v175,v176 in v129:GetChildren() do if (v176.Transparency~=1) then return v176;end end end end v8[v7("\239\67\252\71\71\123\233\67\242\83\82\104\241\18\173","\26\156\55\157\53\51")]:SetCallback(function() v8[v7("\159\204\23\203\172\81\153\204\25\223\185\66\129\157\70","\48\236\184\118\185\216")]:Toggle();if v8[v7("\246\169\86\34\219\53\240\169\88\54\206\38\232\248\7","\84\133\221\55\80\175")]:IsOn() then if (v8[v7("\188\242\48\169\193\93\175\234\46\169\197\79\248\183","\60\221\135\68\198\167")]:GetOption()==nil) then v8[v7("\253\169\249\145\86\216\251\169\247\133\67\203\227\248\168","\185\142\221\152\227\34")]:Toggle(false);return;end v8[v7("\89\208\67\245\69\50\229\85\204\89\253\6\99","\151\56\165\55\154\35\83")]=true;if (v8[v7("\161\86\17\225\166\66\23\227\170\76\7\253\229\19","\142\192\35\101")]:GetOption()~=v7("\226\103\60\160\236\204\136\4\223\99\44\177\167\196\155\88\255\59\25\234","\118\182\21\73\195\135\236\204")) then driveto(v8[v7("\4\51\25\65\16\4\242\6\47\95\16","\157\104\92\122\32\100\109")][v7("\129\179\220\138\30\40\128\187\162\168\214","\203\195\198\175\170\93\71\237")]);task.wait(2);v26();task.wait(1);v27(10,v8[v7("\62\71\63\204\84\3\185\126","\156\78\43\94\181\49\113")].Character.HumanoidRootPart.CFrame,CFrame.new( -1728.66223,5.75958729, -1280.75452, -0.0417558253, -8.338939e-8,0.999127865,3.2588705e-9,1,8.359837e-8, -0.999127865,6.7467476e-9, -0.0417558253),v8[v7("\98\228\197\186\14\81\60\34","\25\18\136\164\195\107\35")].Character.HumanoidRootPart,function() v8[v7("\233\63\174\92\55\236","\216\136\77\201\47\18\220\161")]={[1]=v8[v7("\44\249\63\213\14\221\144\32\230\36\216\27\153\210","\226\77\140\75\186\104\188")]:GetOption()};v8[v7("\169\194\209\38\74\171\218\213\62\66\252\158","\47\217\174\176\95")]=v8[v7("\168\209\119\27\183\70\61\118","\70\216\189\22\98\210\52\24")].Team;game:GetService(v7("\232\218\179\139\218\217\222\183\130\215\233\203\172\149\210\221\218","\179\186\191\195\231")):WaitForChild(v7("\232\46\14","\132\153\95\120")):WaitForChild(v7("\224\176\91\40\167\136\165\231\255\12\123\162\143\237\229\179\15\124\186\216\247\228\179\67\47\242\131\247\176\226\12\127\165\143\164\225","\192\209\210\110\77\151\186")):FireServer(unpack(v8[v7("\225\17\37\250\186\148","\164\128\99\66\137\159")]));task.wait(0.5);if (v8[v7("\16\133\232\167\5\155\253\187\1\132\172\238","\222\96\233\137")]==v8[v7("\169\191\166\6\141\225\181\233","\144\217\211\199\127\232\147")].Team) then v8[v7("\237\38\123\120","\36\152\79\94\72\181\37\98")]:Notify("Error: You're in a cooldown.\n Try again later.");v8[v7("\196\204\70\45\195\217\82\43\216\222\70\45\218\157\23","\95\183\184\39")]:Toggle(false);v8[v7("\180\42\243\41\82\129\16\184\54\233\33\17\208","\98\213\95\135\70\52\224")]=false;return;end v27(10,v8[v7("\238\175\200\110\81\236\230\153","\52\158\195\169\23")].Character.HumanoidRootPart.CFrame,CFrame.new( -1723.47131,5.64528751, -1265.80786, -0.377588332, -2.4049763e-8, -0.925973594, -4.5437602e-8,1, -7.4441164e-9,0.925973594,3.9263206e-8, -0.377588332),v8[v7("\106\176\51\109\131\39\62\219","\235\26\220\82\20\230\85\27")].Character.HumanoidRootPart,function() task.wait(0.1);v8[v7("\137\179\238\209\49\217","\20\232\193\137\162")]={[1]=v7("\15\218\215\165\226\136\18\98\98\252\204\178\230\158\24\49\0\202\214\230\195\158\30\103\39\205","\17\66\191\165\198\135\236\119")};game:GetService(v7("\61\170\190\31\246\235\237\197\10\171\157\7\240\250\237\214\10","\177\111\207\206\115\159\136\140")):WaitForChild(v7("\20\152\6","\63\101\233\112\116\180\47")):WaitForChild(v7("\155\99\185\74\172\53\193\61\160\69\160\48\198\118\185\23\160\100\142\98\238\70\249\123\151\63\186\70\249\50\149\57\232\17\249\102","\86\163\91\141\114\152")):FireServer(unpack(v8[v7("\82\25\115\96\127\2","\90\51\107\20\19")]));task.wait(0.5);getcar().DriveSeat:Sit(v8[v7("\157\252\132\246\56\159\181\213","\93\237\144\229\143")].Character.Humanoid);v8[v7("\0\255\181\73","\38\117\150\144\121\107")]:Notify("thats it for now sorry 💀");end);end);end else v8[v7("\44\174\250\53\43\186\252\55\36\181\233\127\125","\90\77\219\142")]=false;end end);v8[v7("\232\11\34\53\69\23\106\239\10\38\124\28","\26\134\100\65\89\44\103")]=false;v8[v7("\255\236\51\47\173\225\166\96","\196\145\131\80\67")]=v8[v7("\19\177\15\6\44\233\28\245\86","\136\126\208\102\104\120")]:Button({[v7("\90\159\218\87\160\92\9\84\96\158","\49\24\234\174\35\207\50\93")]=v7("\34\253\222\132\120\28","\17\108\146\157\232"),[v7("\101\194\25\232","\200\43\163\116\141\79")]=v7("\145\57\30\143\185\228","\131\223\86\93\227\208\148"),[v7("\192\68\186\186\31\180\224\78","\213\131\37\214\214\125")]=function() end});v8[v7("\52\46\54\186\245\99\123","\129\70\75\69\223")]=v8[v7("\75\202\250\231\72\238\68\142\163","\143\38\171\147\137\28")]:Button({[v7("\242\151\173\231\12\237\224\213\154\173","\180\176\226\217\147\99\131")]=v7("\225\188\60\23\210\174\33\71\155\181\32\20\214\170\111\14\199\188\34\20\154","\103\179\217\79"),[v7("\100\182\17\208","\195\42\215\124\181\33\236")]=v7("\63\92\36\46\36\239\3","\152\109\57\87\94\69"),[v7("\201\197\15\176\173\215\80","\200\153\183\106\195\222\178\52")]=function() v8[v7("\34\239\137\36\76\72\119\179","\58\82\131\232\93\41")].Character.Humanoid:ChangeState(Enum.HumanoidStateType.Dead);task.wait(0.001);v8[v7("\147\91\209\12\88\45\198\7","\95\227\55\176\117\61")].Character.Humanoid:ChangeState(Enum.HumanoidStateType.Dead);task.wait(0.001);v8[v7("\8\114\34\82\174\10\59\115","\203\120\30\67\43")].Character.Humanoid:ChangeState(Enum.HumanoidStateType.Dead);end});v8[v7("\228\43\65\224\218\250\49\95\238\223\247\44\78\255\214\253\32\94\170\137","\185\145\69\45\143")]=v8[v7("\135\30\16\168\232\139\29\92\246","\188\234\127\121\198")]:Button({[v7("\26\39\7\151\55\60\39\134\32\38","\227\88\82\115")]=v7("\118\17\182\168\1\120\3\43\168\166\4\117\74\28\250\151\13\127\70\12","\19\35\127\218\199\98"),[v7("\50\250\7\231","\130\124\155\106")]=v7("\225\217\247\169\165\255\127\143\218\199\243\188","\223\181\171\150\207\195\150\28"),[v7("\124\40\230\189\26\73\62","\105\44\90\131\206")]=function() v8[v7("\239\236\179\160\13\44\186\176","\94\159\128\210\217\104")]:SetAttribute(v7("\120\248\21\141\90\114\246\110\85\218\9\177\75\109\246\118","\26\48\153\102\223\63\31\153"),true);end});v8[v7("\7\83\238\242\18\69\238\242\16\5\189","\147\98\32\141")]=v8[v7("\21\66\234\196\50\87\73\93\19","\43\120\35\131\170\102\54")]:Button({[v7("\118\19\147\162\170\190\176\81\30\147","\228\52\102\231\214\197\208")]=v7("\59\243\118\203\250\142\89\245\31\242","\182\126\128\21\170\138\235\121"),[v7("\165\219\56\227","\102\235\186\85\134\230\115\80")]=v7("\114\31\61\94\98\209\1\86\30","\66\55\108\94\63\18\180"),[v7("\36\159\128\36\52\92\16","\57\116\237\229\87\71")]=function() v26();end});v8[v7("\165\191\238\226\115\225\73\175\244\189","\39\202\209\141\135\23\142")]=false;local function v45() local v96,v97,v98,v99,v100=getrawmetatable(game),getrawmetatable(game).__index,getrawmetatable(game).__newindex,getrawmetatable(game).__namecall,checkcaller or is_protosmasher_caller ;setreadonly(v96,false);v96.__newindex=newcclosure(function(v130,v131,v132) if v100() then return v98(v130,v131,v132);end if ((tostring(v130)==v7("\215\38\4\11\60\247\246\55\59\5\61\236\207\50\27\30","\152\159\83\105\106\82")) or (tostring(v130)==v7("\181\201\67\225\198","\60\225\166\49\146\169"))) then if ((v131==v7("\12\56\61\43\12\2","\103\79\126\79\74\97")) and v130:IsDescendantOf(v8[v7("\170\115\210\106\91\8\255\47","\122\218\31\179\19\62")].Character)) then return true;end end return v98(v130,v131,v132);end);setreadonly(v96,true);end v8[v7("\176\215\195\213\220\178\64\246\134","\37\211\182\173\161\169\193")]=false;v8[v7("\249\53\78\213\33\107\252\167","\217\151\90\45\185\72\27")]:SetCallback(function() if v8[v7("\192\125\233\6\67\208\121\162\66","\54\163\28\135\114")] then return;end if  not v8[v7("\39\213\94\135\74\112\38\222\24\210","\31\72\187\61\226\46")] then v8[v7("\204\8\64\215\67\113\42\198\67\19","\68\163\102\35\178\39\30")]=true;local v180,v181=pcall(v45);if  not v180 then v8[v7("\171\121\159\151","\113\222\16\186\167\99\213\227")]:Notify(v7("\10\1\254\229\32\26\187\229\59\30\235\249\60\26\187\239\33\27\233\182\43\22\254\245\59\26\244\228","\150\78\110\155"));v8[v7("\134\196\41\245\177\13\186\5\213","\32\229\165\71\129\196\126\223")]=true;return;end end v8[v7("\205\134\199\141\136\197\134\217","\181\163\233\164\225\225")]:Toggle();if v8[v7("\94\132\61\123\89\155\123\39","\23\48\235\94")]:IsOn() then v8[v7("\114\213\219\81\94\35\194\117\212\223\24\7","\178\28\186\184\61\55\83")]=true;else v8[v7("\202\194\68\48\251\30\229\205\195\64\121\162","\149\164\173\39\92\146\110")]=false;end repeat for v184,v185 in v8[v7("\227\43\17\6\31\9\182\119","\123\147\71\112\127\122")].Character:GetDescendants() do if v185:IsA(v7("\238\204\145\116\118\205\223\150","\38\172\173\226\17")) then v185.CanCollide=false;end end task.wait();until v8[v7("\67\30\47\227\68\1\60\230\67\22\105\191","\143\45\113\76")]==false  end);v8[v7("\190\180\21\50\191\253\76","\92\216\216\124")]:SetCallback(function() v8[v7("\93\62\165\78\250\30\98","\157\59\82\204\32")]:Toggle();if v8[v7("\62\50\234\244\238\175\131","\209\88\94\131\154\137\138\179")]:IsOn() then v8[v7("\63\160\200\119\24\47\56\44\47\168\202\123\91\115","\66\72\193\164\28\126\67\81")]=true;else v8[v7("\240\45\164\83\32\122\238\34\175\81\40\113\162\124","\22\135\76\200\56\70")]=false;end repeat v8[v7("\191\37\246\23\88\243\155\57\251\33\24\177","\129\237\80\152\68\61")].Heartbeat:Wait();v8[v7("\82\160\5\225\29\20\76\84\186\65\163","\56\49\200\100\147\124\119")]=v8[v7("\220\50\190\233\201\44\250\160","\144\172\94\223")].Character;v8[v7("\54\0\173\83\97\95","\39\68\111\194")]=v8[v7("\213\174\230\213\120\180\194\163\245\130\41","\215\182\198\135\167\25")].HumanoidRootPart;local v137,v138=nil,0.1;while  not (v8[v7("\142\65\235\90\140\74\254\77\159\12\186","\40\237\41\138")] and v8[v7("\196\124\251\234\75\196\96\255\234\15\151","\42\167\20\154\152")].Parent and v8[v7("\88\241\173\86\52\113","\65\42\158\194\34\17")] and v8[v7("\8\40\93\24\104\189","\142\122\71\50\108\77\141\123")].Parent) do v8[v7("\39\183\241\43\62\7\180\246\27\62\80\242","\91\117\194\159\120")].Heartbeat:Wait();v8[v7("\25\21\63\10\52\242\48\31\15\123\72","\68\122\125\94\120\85\145")]=v8[v7("\7\16\206\71\205\203\255\71","\218\119\124\175\62\168\185")].Character;v8[v7("\183\255\71\208\224\160","\164\197\144\40")]=v8[v7("\128\248\171\153\220\181\151\245\184\206\141","\214\227\144\202\235\189")].HumanoidRootPart;end v137=v8[v7("\255\170\136\111\85\227","\92\141\197\231\27\112\211\51")].Velocity;v8[v7("\244\240\133\183\148\182","\177\134\159\234\195")].Velocity=Vector3.new(v137.X,0,v137.Y) * 10000 ;v8[v7("\143\254\49\147\204\175\253\54\163\204\248\187","\169\221\139\95\192")].RenderStepped:Wait();if (v8[v7("\221\131\126\45\35\37\202\142\109\122\114","\70\190\235\31\95\66")] and v8[v7("\185\234\27\244\228\185\246\31\244\160\234","\133\218\130\122\134")].Parent and v8[v7("\46\240\236\208\153\243","\88\92\159\131\164\188\195")] and v8[v7("\146\33\176\95\146\187","\189\224\78\223\43\183\139")].Parent) then v8[v7("\60\243\133\2\132\126","\161\78\156\234\118")].Velocity=v137;end v8[v7("\149\162\199\239\162\165\223\213\164\178\140\140","\188\199\215\169")].Stepped:Wait();if (v8[v7("\255\1\94\105\233\255\29\90\105\173\172","\136\156\105\63\27")] and v8[v7("\24\132\120\38\26\143\109\49\9\201\41","\84\123\236\25")].Parent and v8[v7("\226\132\165\3\233\229","\213\144\235\202\119\204")] and v8[v7("\49\23\209\62\109\115","\45\67\120\190\74\72\67")].Parent) then v8[v7("\50\45\226\177\188\216","\137\64\66\141\197\153\232\142")].Velocity=v137 + Vector3.new(0,v138,0) ;v138=v138 *  -1 ;end until v8[v7("\20\209\46\173\142\15\217\44\161\129\13\215\103\246","\232\99\176\66\198")]==false  end);v8[v7("\239\32\58\11\116\137\234\105\188","\76\140\65\72\102\27\237\153")]=v8[v7("\95\211\83\130","\222\42\186\118\178\183\97")]:CreateTab({[v7("\115\237\73\143","\234\61\140\36")]=v7("\2\220\168\50\34\46\217\169","\111\65\189\218\18")});v8[v7("\64\74\9\57\10\94\170\79\14\75","\207\35\43\123\85\107\60")]=v8[v7("\115\171\178\231\118\116\185\229\186","\25\16\202\192\138")]:Message({[v7("\201\206\181\246","\148\157\171\205\130\201")]=v7("\0\193\102\59\212\248\55\148\87\40\195\182\126\148\90\38\223\243","\150\67\180\20\73\177")});function getcar() v8[v7("\133\13\23\76\131\23\19\73\200\72","\45\237\120\122")]=v8[v7("\199\228\163\53\210\250\231\124","\76\183\136\194")].Character.Humanoid;v8[v7("\106\234\228\33\85\93\55\123\244\160\104","\116\26\134\133\88\48\47")]=nil;if v8[v7("\22\212\173\229\179\125\23\197\229\180","\18\126\161\192\132\221")].SeatPart then if v8[v7("\87\61\163\5\88\80\33\170\65\6","\54\63\72\206\100")].SeatPart:IsA(v7("\254\92\77\115\230\119\205\106\64\123\241","\27\168\57\37\26\133")) then v8[v7("\61\166\125\177\210\63\137\125\186\146\125","\183\77\202\28\200")]=v8[v7("\31\38\132\9\25\60\128\12\82\99","\104\119\83\233")].SeatPart.Parent;end else v8[v7("\229\244\38\59\70\231\219\38\48\6\165","\35\149\152\71\66")]=game.Workspace.Vehicles[game.Players.LocalPlayer.Name];end v8[v7("\26\233\80\188\59\27\237\78\245\106","\90\121\136\34\208")]:SetText(v7("\228\27\71\12\194\0\65\94\228\15\71\94\154\78","\126\167\110\53")   .. v8[v7("\45\28\47\225\217\45\30\17\60\189\140","\95\93\112\78\152\188")].Name   .. "'s car" );v8[v7("\209\249\132\12\225\172\241\192\231\192\69","\178\161\149\229\117\132\222")].PrimaryPart=v8[v7("\152\215\220\181\164\4\133\34\154\158\141","\67\232\187\189\204\193\118\198")].DriveSeat;return v8[v7("\155\34\180\57\62\16\204\138\60\240\112","\143\235\78\213\64\91\98")];end v8[v7("\142\73\150\252\96\178\140\92\129\172\32","\214\237\40\228\137\16")]=v8[v7("\134\226\253\212\12\162\150\166\191","\198\229\131\143\185\99")]:Button({[v7("\115\153\188\103\94\130\156\118\73\152","\19\49\236\200")]=v7("\203\39\242\182\240\191\190\20\247\165","\218\158\87\150\215\132"),[v7("\213\31\212\231","\173\155\1